sample	k__Archaea;p__Euryarchaeota	k__Bacteria;p__Actinobacteria	k__Bacteria;p__Bacteroidetes	k__Bacteria;p__Cyanobacteria	k__Bacteria;p__Firmicutes	k__Bacteria;p__Fusobacteria	k__Bacteria;p__Lentisphaerae	k__Bacteria;p__Planctomycetes	k__Bacteria;p__Proteobacteria	k__Bacteria;p__Synergistetes	k__Bacteria;p__TM7	k__Bacteria;p__Tenericutes	k__Bacteria;p__Verrucomicrobia	k__Bacteria;p__[Thermi]
086A	0.0	1.4424719067791592	4.396923188109918	0.623656490851261	4.51947536158116	0.869693918001083	0.0	0.0	3.2393994491825078	0.0	0.0	0.3155463219579323	0.9281837536265559	0.0
116A	0.0	2.3397276374849496	4.44927407595677	0.4026552931098544	4.461695017984285	2.7187786241497816	0.0	0.0	3.292200899897014	0.682887357519412	0.0	0.0	0.0	0.0
099A	0.0	2.3621978999011395	4.386619810073578	0.0	4.332919628570271	4.1193694321230625	0.0	0.0	2.7088879863962156	0.8154062109150704	0.7347945408751315	0.3237641766949712	0.0	0.0
120A	0.0	1.8897011519129931	4.459029515912429	0.0	4.440443200442523	2.982697547511389	0.0	0.0	3.3820521852577894	0.28641077445164126	0.0	0.0	0.28641077445164126	0.0
15A	0.0	2.3012964059684053	4.437608343502116	0.6696748630462825	4.475707110930199	0.0	0.23924195312386215	0.0	3.341002885707774	0.0	0.0	2.025601324897085	0.0	0.0
25A	0.0	2.350097233114438	4.43752232582892	0.9712565491866372	4.444079007923988	0.0	0.0	0.0	3.6410623263535946	0.0	0.0	0.0	0.0	0.0
7A	0.0	1.6716662760009064	4.153790243100028	0.0	4.651640918571948	0.0	0.0	0.0	2.8201989542535992	0.0	0.3677248578857984	0.0	0.0	0.0
21A	1.376028584171324	2.342409866927026	4.463508221804856	0.36910631245602066	4.454573697223495	0.47843875112701306	0.7005505210845643	0.0	3.1839122704044334	0.8032958889537869	0.0	2.6599818152090924	0.22263972698198117	0.0
1A	0.0	2.8419675923676357	3.9735057184789833	0.2957982093655453	4.662115553354597	1.3516635259880054	0.0	0.0	3.517749567188674	0.8360902962766776	0.2957982093655453	2.610674406543437	1.4949554833283025	0.0
081A	0.0	1.461892853186451	4.423190928926287	0.7650553343344341	4.502909159683361	0.2932199277453731	0.0	0.0	3.151565091809432	1.0994132621830517	0.0	0.0	0.0	0.0
3A	0.0	2.392327596402451	4.475719555246446	0.21398545792675683	4.468360996060876	0.35669943406835436	0.0	0.0	2.3126015184064057	0.0	0.0	1.5862377162751735	0.0	0.0
6A	0.0	1.3040749685816388	4.4247609945998345	0.0	4.4713768408361725	0.2395951234899756	0.0	0.0	3.55347444370655	0.0	0.0	0.0	0.0	0.0
18A	0.0	2.0249164406857325	4.447125271571841	0.6921135518530821	4.461793766101819	2.3876465636689392	0.0	0.4714150878470589	3.3728920798551236	0.29675741460283256	0.0	0.0	2.0883917784317063	0.29675741460283256
082A	0.0	1.494352960572727	4.407209631700745	0.31002826465178096	4.51196791310365	0.0	0.0	0.0	3.224898584835387	0.0	0.0	0.0	1.608430729694866	0.0
37A	2.096693634567731	2.0804368934708943	4.429345767670143	0.33194765958739364	4.441650342188915	1.4725998253636023	0.0	0.0	3.6950495098559344	0.0	0.0	1.6604413487401306	0.0	0.0
28A	0.0	1.5484445515497185	4.621227345899365	0.0	4.229700853240978	0.0	0.0	0.0	2.9210372990679025	0.0	0.0	2.182299777368489	0.0	0.0
108A	0.0	1.4789862611114173	4.288078866220365	0.0	4.352208295242702	1.6048842386992836	0.0	0.0	4.250361879846982	1.1740979730072751	0.0	0.0	0.35535245005260235	0.0
20A	0.0	2.96865954959958	4.520858698782343	0.2927187665046192	4.371121768722558	1.5399929857741805	0.0	0.0	3.331527915738192	0.0	0.0	0.6855946040327519	0.0	0.0
39A	0.0	2.052034990436483	4.375653521612881	0.3452646586939983	4.518192409790427	1.0300144764051335	0.0	0.0	3.4667229228911958	0.7677326947108328	0.0	0.0	1.157120613387373	0.0
118A	0.0	1.020011855305769	4.460214508196033	0.0	4.486862035662588	0.0	0.0	0.0	2.3968366261926386	0.0	0.31226133186180416	0.0	0.0	0.0
24A	0.0	2.0370319080509414	4.224708287766367	3.087872494631695	4.562872835131879	0.7437605816627072	0.0	0.0	2.691669863987782	0.5147602277612157	0.0	2.5422711084061356	3.632779967679996	0.0
119A	0.0	2.6883822640829127	4.204215392586782	0.0	4.3775086115207555	0.8746424397921184	0.0	0.0	4.2888250552820075	0.3185075169362387	0.0	0.0	0.0	0.0
34A	0.0	3.622631596298837	4.199337491643491	0.5836835779137769	4.59500559389889	0.0	0.0	0.0	2.6184366091610616	0.0	0.0	0.6435645314252314	0.0	0.0
091A	0.0	1.5409667354627858	4.432374927427059	0.7975158981193324	4.50482155933339	1.9419426330566794	0.0	0.0	2.741594685916186	0.0	0.0	0.7975158981193324	1.874076978863309	0.0
098A	0.0	1.8369230652427646	4.379543022843415	0.0	4.518502508121925	0.0	1.0281915946443796	0.0	3.2918351715482785	0.0	0.0	2.397974217042418	2.7397352526145595	0.0
100A	0.0	2.1322692289757033	4.481416936562941	0.8697986112264461	4.3512204649074535	3.010835949757142	0.0	0.0	3.768235591753304	0.3583029134572782	0.0	0.3583029134572782	1.1790133119896007	0.0
084A	0.0	1.42456806590069	4.276214117256243	0.0	4.539825900817172	1.42456806590069	0.0	0.0	3.7910513801308023	0.9274251336217375	0.0	0.0	0.868949940130262	0.0
107A	0.0	1.1490339941710768	4.272679673113463	0.3405160611595599	4.196511159455221	0.0	0.0	0.0	4.4035048328575765	0.0	0.0	0.0	0.0	0.0
35A	0.37479863250481493	1.167398406019236	4.572345033340008	0.0	4.196852700286408	1.8906186610755598	0.7084908666467327	0.0	3.820100484382734	0.0	0.0	0.37479863250481493	0.0	0.0
11A	0.0	1.9195144846363963	4.53603778430329	0.0	4.367985562954049	0.6549329452805488	0.0	0.0	3.3046487992322553	0.0	0.0	0.0	0.0	0.0
10A	0.0	3.120287287765225	4.244228243221438	0.3296659312631247	4.605420880974261	1.2563514068518558	0.0	0.0	2.709560950844047	0.0	0.0	1.228103904706617	1.8608650924159005	0.0
109A	0.0	2.4342292040094238	4.473902716276026	0.5567515591487033	4.406416905629993	3.055961202242644	0.0	0.0	3.492011161135745	0.0	0.0	0.0	1.0048815135756008	0.0
31A	1.1845111393069203	1.3948498854456373	4.568007262144708	0.0	4.342276065893249	0.0	0.0	0.0	2.8479211906837647	1.0223912429625537	0.0	1.8203033880179482	0.41299503117833725	0.0
29A	0.6221884483357881	1.495581189152723	4.625392872754303	1.495581189152723	4.168663464231643	0.9530046081614542	2.1647505994025695	0.0	3.413480763982062	0.6221884483357881	0.0	1.495581189152723	0.0	0.0
101A	0.0	2.785646402025035	4.52164199430753	1.9744304821326615	4.366095114634259	1.6384423407905968	0.0	0.0	3.411401287003636	0.0	0.0	0.0	0.0	0.0
083A	0.0	2.6477331781993123	4.528475284683421	0.36836428869214677	4.348950277189336	1.2310869781515756	0.0	0.0	3.509745739451907	0.36836428869214677	0.0	0.0	0.0	0.0
13A	0.0	2.1187569644767064	4.477429720921926	0.0	4.443282720818004	2.9933713846828947	0.0	0.0	2.9575246463568607	0.0	0.3461863889373979	0.0	0.0	0.0
093A	0.0	1.4487468820949454	4.382440575348635	0.525918993126795	4.422729009878571	3.4291895261091505	0.0	0.0	3.811476291862702	0.0	0.33813264076598853	0.0	0.9660771649842117	0.0
094A	0.0	2.7689593114635365	4.6376619399253025	0.0	4.070452758624745	0.982404593921725	0.0	0.0	3.604382083534798	0.0	0.0	0.0	0.0	0.0
085A	0.0	1.7348676695321745	4.605763864246091	0.0	4.224191743527367	0.0	0.0	0.25712738713669864	3.084857581930365	1.060703719771314	0.0	0.0	3.1510932802270277	0.0
